(
LC522974.1:0.00000,
MN975262.1:0.00000,
MN996530.1:0.00010);
